f_promedio_type=desde_creacion, f_promedio_val=
avg_call_min=1.0, avg_meeting_min=145.0
overall_avg_min=73.0
Calls:
  id=2, dur=1, fecha_reunion=2026-06-10, fecha_interaccion=2026-06-09 05:50:52.282685+00:00
  id=7, dur=1, fecha_reunion=2026-06-09, fecha_interaccion=2026-06-09 05:56:15.212082+00:00
Meetings:
  id=5, dur=145, fecha_reunion=2026-06-09, fecha_interaccion=2026-06-09 05:53:53.952140+00:00
